15 15 1573725894
21 17 1573725894
37 18 1573725894
49 19 1573725894
112 20 1573725894
129 23 1573725894
132 24 1573725894
142 25 1573725894
15 15.1864 1573725924
21 17.2478 1573725924
37 17.8401 1573725924
49 19.2166 1573725924
112 19.9557 1573725924
129 22.9736 1573725924
132 23.7824 1573725924
142 24.9796 1573725924
15 15.0266 1573725954
21 17.234 1573725954
37 17.9878 1573725954
49 19.3604 1573725954
112 19.9983 1573725954
129 23.1407 1573725954
132 23.5364 1573725954
142 24.7373 1573725954
15 15.0345 1573725984
21 17.2695 1573725984
37 17.8662 1573725984
49 19.3357 1573725984
112 20.1229 1573725984
129 23.2425 1573725984
132 23.7819 1573725984
142 24.923 1573725984
15 14.8251 1573726014
21 17.4428 1573726014
37 17.7928 1573726014
49 19.1736 1573726014
112 20.1288 1573726014
129 22.9995 1573726014
132 23.5876 1573726014
142 25.1033 1573726014
15 15.0433 1573726044
21 17.5476 1573726044
37 17.814 1573726044
49 18.9462 1573726044
112 19.9117 1573726044
129 23.0837 1573726044
132 23.5177 1573726044
142 25.0756 1573726044
15 14.9181 1573726074
21 17.3087 1573726074
37 17.6819 1573726074
49 19.0227 1573726074
112 19.9801 1573726074
129 23.2489 1573726074
132 23.3896 1573726074
142 25.25 1573726074
15 14.9932 1573726104
21 17.4581 1573726104
37 17.8289 1573726104
49 19.2497 1573726104
112 19.7795 1573726104
129 23.0124 1573726104
132 23.4006 1573726104
142 25.4665 1573726104
15 15.1281 1573726134
21 17.6967 1573726134
37 17.5842 1573726134
49 19.113 1573726134
112 20.0188 1573726134
129 23.1528 1573726134
132 23.4107 1573726134
142 25.6347 1573726134
15 14.9172 1573726164
21 17.9326 1573726164
37 17.5928 1573726164
49 19.2634 1573726164
112 19.8615 1573726164
129 23.2781 1573726164
132 23.3297 1573726164
142 25.537 1573726164
15 14.9404 1573726194
21 18.0388 1573726194
37 17.7708 1573726194
49 19.2415 1573726194
112 20.0132 1573726194
129 23.2333 1573726194
132 23.2178 1573726194
142 25.5236 1573726194
15 14.9422 1573726224
21 17.8885 1573726224
37 17.9821 1573726224
49 19.0711 1573726224
112 19.8576 1573726224
129 23.0278 1573726224
132 23.4644 1573726224
142 25.6801 1573726224
15 14.8389 1573726254
21 17.7188 1573726254
37 17.7883 1573726254
49 18.8824 1573726254
112 19.83 1573726254
129 23.1824 1573726254
132 23.3184 1573726254
142 25.8662 1573726254
15 15.0791 1573726284
21 17.6049 1573726284
37 17.9278 1573726284
49 18.6326 1573726284
112 19.6071 1573726284
129 23.2935 1573726284
132 23.1961 1573726284
142 25.8403 1573726284
15 15.0333 1573726314
21 17.6232 1573726314
37 17.9512 1573726314
49 18.586 1573726314
112 19.4041 1573726314
129 23.0939 1573726314
132 23.1691 1573726314
142 25.9949 1573726314
15 14.9699 1573726344
21 17.7931 1573726344
37 18.0071 1573726344
49 18.7554 1573726344
112 19.6462 1573726344
129 23.2415 1573726344
132 23.3971 1573726344
142 26.0656 1573726344
15 14.9861 1573726374
21 17.7497 1573726374
37 17.9636 1573726374
49 18.7657 1573726374
112 19.4802 1573726374
129 23.3735 1573726374
132 23.6217 1573726374
142 26.048 1573726374
15 15.211 1573726404
21 17.9538 1573726404
37 18.1923 1573726404
49 18.8384 1573726404
112 19.4647 1573726404
129 23.5267 1573726404
132 23.7273 1573726404
142 25.9752 1573726404
15 15.384 1573726434
21 17.7336 1573726434
37 18.2629 1573726434
49 19.0793 1573726434
112 19.2776 1573726434
129 23.7237 1573726434
132 23.9116 1573726434
142 26.2036 1573726434
15 15.2375 1573726464
21 17.7159 1573726464
37 18.3287 1573726464
49 19.2513 1573726464
112 19.3598 1573726464
129 23.7602 1573726464
132 23.7379 1573726464
142 26.4194 1573726464
15 15.1893 1573726494
21 17.8793 1573726494
37 18.446 1573726494
49 19.4868 1573726494
112 19.53 1573726494
129 23.881 1573726494
132 23.8754 1573726494
142 26.2545 1573726494
15 15.3645 1573726524
21 17.6955 1573726524
37 18.3036 1573726524
49 19.714 1573726524
112 19.7049 1573726524
129 24.0044 1573726524
132 23.7186 1573726524
142 26.1775 1573726524
15 15.1425 1573726554
21 17.7522 1573726554
37 18.1586 1573726554
49 19.6977 1573726554
112 19.9015 1573726554
129 23.8223 1573726554
132 23.9154 1573726554
142 26.2456 1573726554
15 14.9465 1573726584
21 17.5129 1573726584
37 18.018 1573726584
49 19.7992 1573726584
112 20.1321 1573726584
129 23.8738 1573726584
132 23.6914 1573726584
142 26.3529 1573726584
15 15.0766 1573726614
21 17.614 1573726614
37 18.0987 1573726614
49 19.5996 1573726614
112 20.0831 1573726614
129 23.9389 1573726614
132 23.8115 1573726614
142 26.3367 1573726614
15 15.2279 1573726644
21 17.4543 1573726644
37 18.163 1573726644
49 19.6819 1573726644
112 20.0488 1573726644
129 23.7253 1573726644
132 23.6609 1573726644
142 26.1933 1573726644
15 15.1437 1573726674
21 17.4522 1573726674
37 18.3029 1573726674
49 19.8871 1573726674
112 19.9224 1573726674
129 23.715 1573726674
132 23.8134 1573726674
142 26.2433 1573726674
15 15.322 1573726704
21 17.3598 1573726704
37 18.4501 1573726704
49 20.0131 1573726704
112 20.0871 1573726704
129 23.5872 1573726704
132 23.6881 1573726704
142 26.38 1573726704
15 15.5394 1573726734
21 17.5801 1573726734
37 18.6554 1573726734
49 19.992 1573726734
112 20.2418 1573726734
129 23.729 1573726734
132 23.527 1573726734
142 26.5533 1573726734
15 15.3675 1573726764
21 17.6687 1573726764
37 18.8381 1573726764
49 19.8021 1573726764
112 20.0103 1573726764
129 23.8821 1573726764
132 23.5631 1573726764
142 26.3948 1573726764
15 15.5504 1573726794
21 17.7565 1573726794
37 19.0784 1573726794
49 20.041 1573726794
112 20.0503 1573726794
129 23.8358 1573726794
132 23.4417 1573726794
142 26.4039 1573726794
15 15.7775 1573726824
21 17.6517 1573726824
37 18.9435 1573726824
49 19.9422 1573726824
112 20.2745 1573726824
129 23.6607 1573726824
132 23.306 1573726824
142 26.392 1573726824
15 15.7415 1573726854
21 17.4946 1573726854
37 19.1324 1573726854
49 19.9496 1573726854
112 20.1552 1573726854
129 23.6677 1573726854
132 23.5275 1573726854
142 26.4493 1573726854
15 15.6059 1573726884
21 17.7046 1573726884
37 19.2162 1573726884
49 20.0209 1573726884
112 20.3725 1573726884
129 23.4733 1573726884
132 23.4365 1573726884
142 26.5682 1573726884
15 15.8304 1573726914
21 17.7048 1573726914
37 19.274 1573726914
49 19.8865 1573726914
112 20.2306 1573726914
129 23.6322 1573726914
132 23.6617 1573726914
142 26.7367 1573726914
15 15.923 1573726944
21 17.677 1573726944
37 19.1081 1573726944
49 19.8078 1573726944
112 20.2594 1573726944
129 23.6678 1573726944
132 23.9054 1573726944
142 26.8382 1573726944
15 15.7941 1573726974
21 17.5373 1573726974
37 19.2881 1573726974
49 19.7246 1573726974
112 20.2004 1573726974
129 23.8672 1573726974
132 23.7285 1573726974
142 27.0536 1573726974
15 15.7019 1573727004
21 17.5598 1573727004
37 19.3535 1573727004
49 19.819 1573727004
112 20.0879 1573727004
129 23.8091 1573727004
132 23.7928 1573727004
142 27.1937 1573727004
15 15.4832 1573727034
21 17.7634 1573727034
37 19.4331 1573727034
49 19.7219 1573727034
112 19.8443 1573727034
129 23.6482 1573727034
132 23.5657 1573727034
142 26.9978 1573727034
15 15.583 1573727064
21 17.9469 1573727064
37 19.6283 1573727064
49 19.6099 1573727064
112 19.6554 1573727064
129 23.5786 1573727064
132 23.329 1573727064
142 26.9354 1573727064
15 15.512 1573727094
21 17.7569 1573727094
37 19.6037 1573727094
49 19.5543 1573727094
112 19.836 1573727094
129 23.5312 1573727094
132 23.5151 1573727094
142 26.9645 1573727094
15 15.4966 1573727124
21 17.5409 1573727124
37 19.7477 1573727124
49 19.4511 1573727124
112 19.8913 1573727124
129 23.4226 1573727124
132 23.5085 1573727124
142 27.0383 1573727124
15 15.4293 1573727154
21 17.6105 1573727154
37 19.838 1573727154
49 19.4529 1573727154
112 19.9739 1573727154
129 23.5455 1573727154
132 23.6663 1573727154
142 26.9349 1573727154
15 15.4862 1573727184
21 17.5656 1573727184
37 19.7064 1573727184
49 19.2994 1573727184
112 19.8895 1573727184
129 23.3745 1573727184
132 23.5173 1573727184
142 26.7238 1573727184
15 15.6641 1573727214
21 17.6432 1573727214
37 19.7649 1573727214
49 19.0757 1573727214
112 19.6651 1573727214
129 23.5402 1573727214
132 23.4624 1573727214
142 26.8951 1573727214
15 15.6887 1573727244
21 17.7968 1573727244
37 19.7607 1573727244
49 18.9744 1573727244
112 19.9145 1573727244
129 23.3922 1573727244
132 23.4057 1573727244
142 26.8807 1573727244
15 15.4764 1573727274
21 18.029 1573727274
37 19.6062 1573727274
49 18.8722 1573727274
112 19.7742 1573727274
129 23.3189 1573727274
132 23.1731 1573727274
142 26.9003 1573727274
15 15.2922 1573727304
21 18.0229 1573727304
37 19.3957 1573727304
49 18.7116 1573727304
112 19.9888 1573727304
129 23.2052 1573727304
132 23.3933 1573727304
142 26.7918 1573727304
15 15.1344 1573727334
21 17.9988 1573727334
37 19.6181 1573727334
49 18.5811 1573727334
112 19.7492 1573727334
129 22.9866 1573727334
132 23.3177 1573727334
142 26.7476 1573727334
15 14.9032 1573727364
21 18.0904 1573727364
37 19.4169 1573727364
49 18.7604 1573727364
112 19.5916 1573727364
129 23.0834 1573727364
132 23.4018 1573727364
142 26.6907 1573727364
15 14.7766 1573727394
21 18.0402 1573727394
37 19.3767 1573727394
49 18.6266 1573727394
112 19.4883 1573727394
129 22.9647 1573727394
132 23.4564 1573727394
142 26.9042 1573727394
15 14.6194 1573727424
21 17.7911 1573727424
37 19.5465 1573727424
49 18.4548 1573727424
112 19.677 1573727424
129 23.0927 1573727424
132 23.3654 1573727424
142 26.989 1573727424
15 14.404 1573727454
21 17.7431 1573727454
37 19.58 1573727454
49 18.5595 1573727454
112 19.7105 1573727454
129 22.9161 1573727454
132 23.3471 1573727454
142 26.7874 1573727454
15 14.2189 1573727484
21 17.6923 1573727484
37 19.8048 1573727484
49 18.6849 1573727484
112 19.6446 1573727484
129 22.8181 1573727484
132 23.5796 1573727484
142 26.5808 1573727484
15 14.189 1573727514
21 17.9112 1573727514
37 19.5614 1573727514
49 18.8193 1573727514
112 19.6463 1573727514
129 22.8595 1573727514
132 23.8007 1573727514
142 26.6771 1573727514
15 14.2369 1573727544
21 18.111 1573727544
37 19.5945 1573727544
49 18.9515 1573727544
112 19.5711 1573727544
129 22.6924 1573727544
132 23.8018 1573727544
142 26.4475 1573727544
15 14.2722 1573727574
21 18.2814 1573727574
37 19.4755 1573727574
49 18.9696 1573727574
112 19.6622 1573727574
129 22.5331 1573727574
132 23.6458 1573727574
142 26.4872 1573727574
15 14.3171 1573727604
21 18.2794 1573727604
37 19.3081 1573727604
49 19.1934 1573727604
112 19.4379 1573727604
129 22.4788 1573727604
132 23.5287 1573727604
142 26.3526 1573727604
15 14.4611 1573727634
21 18.1687 1573727634
37 19.1396 1573727634
49 19.1905 1573727634
112 19.487 1573727634
129 22.6075 1573727634
132 23.5489 1573727634
142 26.313 1573727634
15 14.5864 1573727664
21 18.3481 1573727664
37 18.9159 1573727664
49 19.3253 1573727664
112 19.2655 1573727664
129 22.6179 1573727664
132 23.3277 1573727664
142 26.2325 1573727664
15 14.7273 1573727694
21 18.5716 1573727694
37 18.782 1573727694
49 19.1897 1573727694
112 19.5058 1573727694
129 22.629 1573727694
132 23.5166 1573727694
142 26.1111 1573727694
15 14.9164 1573727724
21 18.7197 1573727724
37 18.8922 1573727724
49 19.4343 1573727724
112 19.4902 1573727724
129 22.5562 1573727724
132 23.311 1573727724
142 25.9563 1573727724
15 15.1435 1573727754
21 18.7521 1573727754
37 18.9699 1573727754
49 19.3223 1573727754
112 19.6405 1573727754
129 22.6133 1573727754
132 23.239 1573727754
142 26.0626 1573727754
15 15.2962 1573727784
21 18.8031 1573727784
37 18.9777 1573727784
49 19.3305 1573727784
112 19.595 1573727784
129 22.8376 1573727784
132 23.2959 1573727784
142 25.942 1573727784
15 15.3834 1573727814
21 19.0213 1573727814
37 18.7548 1573727814
49 19.0897 1573727814
112 19.6345 1573727814
129 22.9901 1573727814
132 23.5155 1573727814
142 26.1098 1573727814
15 15.1574 1573727844
21 19.1285 1573727844
37 18.674 1573727844
49 19.158 1573727844
112 19.4343 1573727844
129 23.1465 1573727844
132 23.4003 1573727844
142 26.186 1573727844
15 15.152 1573727874
21 18.9382 1573727874
37 18.5994 1573727874
49 19.3145 1573727874
112 19.6121 1573727874
129 23.1398 1573727874
132 23.3352 1573727874
142 26.3478 1573727874
15 15.3523 1573727904
21 18.8579 1573727904
37 18.5081 1573727904
49 19.5191 1573727904
112 19.363 1573727904
129 23.151 1573727904
132 23.2841 1573727904
142 26.5763 1573727904
15 15.3966 1573727934
21 18.8493 1573727934
37 18.4123 1573727934
49 19.6707 1573727934
112 19.5818 1573727934
129 23.0436 1573727934
132 23.2681 1573727934
142 26.3965 1573727934
15 15.6018 1573727964
21 19.0761 1573727964
37 18.5002 1573727964
49 19.5756 1573727964
112 19.7127 1573727964
129 22.9088 1573727964
132 23.4489 1573727964
142 26.4284 1573727964
15 15.3912 1573727994
21 19.1714 1573727994
37 18.5433 1573727994
49 19.374 1573727994
112 19.6054 1573727994
129 23.1067 1573727994
132 23.6539 1573727994
142 26.5662 1573727994
15 15.5917 1573728024
21 19.342 1573728024
37 18.4143 1573728024
49 19.3397 1573728024
112 19.8267 1573728024
129 23.2525 1573728024
132 23.4688 1573728024
142 26.4971 1573728024
15 15.7737 1573728054
21 19.5419 1573728054
37 18.3555 1573728054
49 19.2172 1573728054
112 19.6541 1573728054
129 23.4988 1573728054
132 23.6567 1573728054
142 26.5738 1573728054
15 16.0096 1573728084
21 19.3322 1573728084
37 18.2613 1573728084
49 19.3728 1573728084
112 19.7982 1573728084
129 23.4875 1573728084
132 23.7322 1573728084
142 26.7872 1573728084
15 15.8527 1573728114
21 19.4311 1573728114
37 18.0141 1573728114
49 19.2659 1573728114
112 19.7243 1573728114
129 23.3891 1573728114
132 23.5879 1573728114
142 26.7582 1573728114
15 15.679 1573728144
21 19.5001 1573728144
37 18.1748 1573728144
49 19.3656 1573728144
112 19.7257 1573728144
129 23.3905 1573728144
132 23.728 1573728144
142 26.7972 1573728144
15 15.4898 1573728174
21 19.5397 1573728174
37 18.4001 1573728174
49 19.4069 1573728174
112 19.5869 1573728174
129 23.2426 1573728174
132 23.4805 1573728174
142 26.6825 1573728174
15 15.5577 1573728204
21 19.5286 1573728204
37 18.1683 1573728204
49 19.5745 1573728204
112 19.7292 1573728204
129 23.4098 1573728204
132 23.6226 1573728204
142 26.9032 1573728204
15 15.6038 1573728234
21 19.7695 1573728234
37 18.0751 1573728234
49 19.5698 1573728234
112 19.5929 1573728234
129 23.3738 1573728234
132 23.7284 1573728234
142 26.7054 1573728234
15 15.7341 1573728264
21 19.9454 1573728264
37 17.9317 1573728264
49 19.3451 1573728264
112 19.6458 1573728264
129 23.1293 1573728264
132 23.8245 1573728264
142 26.9003 1573728264
15 15.8258 1573728294
21 19.7853 1573728294
37 17.9964 1573728294
49 19.3252 1573728294
112 19.7627 1573728294
129 23.2456 1573728294
132 23.6907 1573728294
142 27.0421 1573728294
15 15.6661 1573728324
21 19.6231 1573728324
37 18.2175 1573728324
49 19.4559 1573728324
112 19.7479 1573728324
129 23.4643 1573728324
132 23.4452 1573728324
142 27.2893 1573728324
15 15.5794 1573728354
21 19.6532 1573728354
37 18.1963 1573728354
49 19.6867 1573728354
112 19.9316 1573728354
129 23.53 1573728354
132 23.4877 1573728354
142 27.5303 1573728354
15 15.7718 1573728384
21 19.48 1573728384
37 18.0103 1573728384
49 19.7711 1573728384
112 20.0047 1573728384
129 23.7225 1573728384
132 23.521 1573728384
142 27.7118 1573728384
15 15.8426 1573728414
21 19.2663 1573728414
37 17.9146 1573728414
49 19.8267 1573728414
112 20.031 1573728414
129 23.7375 1573728414
132 23.3014 1573728414
142 27.7535 1573728414
15 15.5933 1573728444
21 19.0475 1573728444
37 18.0715 1573728444
49 19.6938 1573728444
112 19.8314 1573728444
129 23.5702 1573728444
132 23.0651 1573728444
142 28.002 1573728444
15 15.5907 1573728474
21 19.2404 1573728474
37 18.1879 1573728474
49 19.5431 1573728474
112 19.6302 1573728474
129 23.7538 1573728474
132 22.8238 1573728474
142 27.8698 1573728474
15 15.6197 1573728504
21 19.1663 1573728504
37 18.0918 1573728504
49 19.6644 1573728504
112 19.4496 1573728504
129 23.6046 1573728504
132 22.9793 1573728504
142 27.6414 1573728504
15 15.4042 1573728534
21 19.185 1573728534
37 18.1715 1573728534
49 19.6924 1573728534
112 19.6684 1573728534
129 23.4094 1573728534
132 23.0778 1573728534
142 27.4339 1573728534
15 15.4669 1573728564
21 19.4226 1573728564
37 18.081 1573728564
49 19.4557 1573728564
112 19.9034 1573728564
129 23.6443 1573728564
132 23.0603 1573728564
142 27.4693 1573728564
15 15.4668 1573728594
21 19.2272 1573728594
37 17.9893 1573728594
49 19.4364 1573728594
112 19.855 1573728594
129 23.7428 1573728594
132 23.1684 1573728594
142 27.6896 1573728594
15 15.477 1573728624
21 19.0313 1573728624
37 17.7673 1573728624
49 19.266 1573728624
112 19.9566 1573728624
129 23.5092 1573728624
132 23.2932 1573728624
142 27.8158 1573728624
15 15.6653 1573728654
21 18.8896 1573728654
37 17.6749 1573728654
49 19.0245 1573728654
112 20.018 1573728654
129 23.401 1573728654
132 23.1044 1573728654
142 27.7552 1573728654
15 15.9117 1573728684
21 18.7232 1573728684
37 17.676 1573728684
49 19.1197 1573728684
112 20.0178 1573728684
129 23.472 1573728684
132 23.3296 1573728684
142 27.7946 1573728684
15 15.7414 1573728714
21 18.8955 1573728714
37 17.7885 1573728714
49 18.9668 1573728714
112 20.2305 1573728714
129 23.6602 1573728714
132 23.1601 1573728714
142 27.8129 1573728714
15 15.7786 1573728744
21 18.7878 1573728744
37 17.6974 1573728744
49 18.8344 1573728744
112 20.4194 1573728744
129 23.7216 1573728744
132 23.0097 1573728744
142 27.8044 1573728744
15 15.9356 1573728774
21 18.6973 1573728774
37 17.563 1573728774
49 18.8275 1573728774
112 20.3475 1573728774
129 23.8302 1573728774
132 22.8334 1573728774
142 27.8549 1573728774
15 15.9414 1573728804
21 18.7752 1573728804
37 17.352 1573728804
49 18.8224 1573728804
112 20.3001 1573728804
129 23.5932 1573728804
132 22.9881 1573728804
142 27.8587 1573728804
15 15.7988 1573728834
21 18.996 1573728834
37 17.4506 1573728834
49 19.0024 1573728834
112 20.1337 1573728834
129 23.3446 1573728834
132 22.7832 1573728834
142 27.7321 1573728834
15 16.0297 1573728864
21 18.9535 1573728864
37 17.6056 1573728864
49 19.2426 1573728864
112 20.0171 1573728864
129 23.4738 1573728864
132 22.9871 1573728864
142 27.6767 1573728864
